In Polygon:
(28,150)(20,150)(20,140)(39,140)(39,145)(28,145)
Out Polygon:
(0,0)(0,10)(8,10)(8,5)(19,5)(19,0)
In Polygon:
(86,156)(89,156)(89,140)(80,140)(80,146)(86,146)
Out Polygon:
(19,0)(19,9)(25,9)(25,3)(35,3)(35,0)
In Polygon:
(30,128)(20,128)(20,123)(30,123)
Out Polygon:
(35,0)(35,5)(45,5)(45,0)
In Polygon:
(29,95)(20,95)(20,89)(29,89)
Out Polygon:
(25,3)(25,9)(34,9)(34,3)
In Polygon:
(90,107)(80,107)(80,106)(90,106)
Out Polygon:
(34,3)(34,13)(35,13)(35,3)
In Polygon:
(5,131)(5,123)(0,123)(0,131)
Out Polygon:
(8,5)(8,10)(16,10)(16,5)
In Polygon:
(20,64)(20,55)(23,55)(23,61)(29,61)(29,64)
Out Polygon:
(19,14)(19,5)(16,5)(16,11)(10,11)(10,14)
In Polygon:
(108,63)(100,63)(100,55)(108,55)
Out Polygon:
(35,5)(35,13)(43,13)(43,5)
In Polygon:
(20,79)(20,72)(29,72)(29,77)(36,77)(36,79)
Out Polygon:
(45,22)(45,6)(43,6)(43,13)(38,13)(38,22)
In Polygon:
(55,72)(55,81)(50,81)(50,75)(40,75)(40,72)
Out Polygon:
(34,9)(19,9)(19,12)(29,12)(29,18)(34,18)
In Polygon:
(60,72)(60,84)(69,84)(69,72)
Out Polygon:
(0,10)(0,22)(9,22)(9,10)
In Polygon:
(108,129)(108,123)(100,123)(100,129)(102,129)(102,139)(104,139)(104,129)
Out Polygon:
(25,12)(19,12)(19,14)(9,14)(9,16)(19,16)(19,20)(25,20)
In Polygon:
(27,115)(29,115)(29,106)(20,106)(20,109)(27,109)
Out Polygon:
(28,22)(28,13)(25,13)(25,20)(19,20)(19,22)
In Polygon:
(47,99)(49,99)(49,89)(40,89)(40,91)(47,91)
Out Polygon:
(36,24)(45,24)(45,22)(38,22)(38,14)(36,14)
In Polygon:
(68,89)(68,97)(66,97)(66,91)(60,91)(60,89)
Out Polygon:
(36,21)(36,13)(34,13)(34,19)(28,19)(28,21)
In Polygon:
(60,131)(77,131)(77,129)(68,129)(68,123)(60,123)
Out Polygon:
(11,24)(28,24)(28,22)(19,22)(19,16)(11,16)
In Polygon:
(108,86)(100,86)(100,81)(106,81)(106,72)(108,72)
Out Polygon:
(11,30)(11,16)(9,16)(9,25)(3,25)(3,30)
In Polygon:
(12,89)(12,97)(0,97)(0,89)
Out Polygon:
(28,21)(28,33)(36,33)(36,21)
In Polygon:
(0,63)(0,58)(4,58)(4,55)(9,55)(9,71)(6,71)(6,63)
Out Polygon:
(0,38)(5,38)(5,35)(9,35)(9,30)(3,30)(3,22)(0,22)
In Polygon:
(68,116)(68,111)(66,111)(66,106)(60,106)(60,123)(65,123)(65,116)
Out Polygon:
(11,24)(11,29)(18,29)(18,32)(23,32)(23,30)(28,30)(28,24)
In Polygon:
(40,55)(47,55)(47,67)(40,67)
Out Polygon:
(38,24)(38,36)(45,36)(45,24)
In Polygon:
(80,72)(82,72)(82,79)(80,79)
Out Polygon:
(36,24)(36,31)(38,31)(38,24)
In Polygon:
(40,148)(47,148)(47,140)(40,140)
Out Polygon:
(11,29)(11,37)(18,37)(18,29)
In Polygon:
(80,128)(82,128)(82,123)(80,123)
Out Polygon:
(9,30)(9,35)(11,35)(11,30)
In Polygon:
(60,58)(65,58)(65,55)(60,55)
Out Polygon:
(23,30)(23,33)(28,33)(28,30)
In Polygon:
(40,111)(45,111)(45,106)(40,106)
Out Polygon:
(18,32)(18,37)(23,37)(23,32)
In Polygon:
(104,119)(106,119)(106,113)(109,113)(109,106)(100,106)(100,113)(104,113)
Out Polygon:
(31,42)(38,42)(38,38)(44,38)(44,36)(38,36)(38,33)(31,33)
In Polygon:
(48,131)(40,131)(40,123)(48,123)
Out Polygon:
(23,33)(23,41)(31,41)(31,33)
In Polygon:
(105,100)(103,100)(103,95)(100,95)(100,89)(109,89)(109,95)(105,95)
Out Polygon:
(11,35)(5,35)(5,38)(0,38)(0,40)(5,40)(5,44)(11,44)
In Polygon:
(7,72)(0,72)(0,77)(7,77)
Out Polygon:
(11,37)(11,44)(16,44)(16,37)
In Polygon:
(86,63)(80,63)(80,55)(86,55)
Out Polygon:
(16,37)(16,45)(22,45)(22,37)
In Polygon:
(65,140)(60,140)(60,148)(65,148)
Out Polygon:
(40,38)(40,46)(45,46)(45,38)
In Polygon:
(85,95)(80,95)(80,89)(85,89)
Out Polygon:
(0,40)(0,46)(5,46)(5,40)
In Polygon:
(3,140)(3,146)(0,146)(0,140)
Out Polygon:
(22,41)(22,44)(28,44)(28,41)
In Polygon:
(0,111)(0,106)(3,106)(3,111)
Out Polygon:
(28,41)(28,46)(31,46)(31,41)
