In Polygon:
(27,115)(29,115)(29,106)(20,106)(20,109)(27,109)
Out Polygon:
(0,0)(0,9)(3,9)(3,2)(9,2)(9,0)
In Polygon:
(47,99)(49,99)(49,89)(40,89)(40,91)(47,91)
Out Polygon:
(18,0)(9,0)(9,2)(16,2)(16,10)(18,10)
In Polygon:
(28,150)(20,150)(20,140)(39,140)(39,145)(28,145)
Out Polygon:
(18,0)(18,10)(26,10)(26,5)(37,5)(37,0)
In Polygon:
(7,72)(0,72)(0,77)(7,77)
Out Polygon:
(37,0)(37,5)(44,5)(44,0)
In Polygon:
(68,89)(68,97)(66,97)(66,91)(60,91)(60,89)
Out Polygon:
(46,8)(46,0)(44,0)(44,6)(38,6)(38,8)
In Polygon:
(20,79)(20,72)(29,72)(29,77)(36,77)(36,79)
Out Polygon:
(48,17)(48,1)(46,1)(46,8)(41,8)(41,17)
In Polygon:
(68,116)(68,111)(66,111)(66,106)(60,106)(60,123)(65,123)(65,116)
Out Polygon:
(8,2)(3,2)(3,9)(0,9)(0,14)(2,14)(2,19)(8,19)
In Polygon:
(108,63)(100,63)(100,55)(108,55)
Out Polygon:
(8,2)(8,10)(16,10)(16,2)
In Polygon:
(60,72)(60,84)(69,84)(69,72)
Out Polygon:
(26,5)(26,14)(38,14)(38,5)
In Polygon:
(20,64)(20,55)(23,55)(23,61)(29,61)(29,64)
Out Polygon:
(41,17)(41,8)(38,8)(38,14)(32,14)(32,17)
In Polygon:
(108,86)(100,86)(100,81)(106,81)(106,72)(108,72)
Out Polygon:
(10,24)(10,10)(8,10)(8,19)(2,19)(2,24)
In Polygon:
(86,156)(89,156)(89,140)(80,140)(80,146)(86,146)
Out Polygon:
(10,10)(10,19)(16,19)(16,13)(26,13)(26,10)
In Polygon:
(60,131)(77,131)(77,129)(68,129)(68,123)(60,123)
Out Polygon:
(16,13)(16,30)(18,30)(18,21)(24,21)(24,13)
In Polygon:
(80,72)(82,72)(82,79)(80,79)
Out Polygon:
(24,13)(24,20)(26,20)(26,13)
In Polygon:
(90,107)(80,107)(80,106)(90,106)
Out Polygon:
(1,14)(1,24)(2,24)(2,14)
In Polygon:
(55,72)(55,81)(50,81)(50,75)(40,75)(40,72)
Out Polygon:
(27,23)(42,23)(42,20)(32,20)(32,14)(27,14)
In Polygon:
(29,95)(20,95)(20,89)(29,89)
Out Polygon:
(42,17)(42,26)(48,26)(48,17)
In Polygon:
(85,95)(80,95)(80,89)(85,89)
Out Polygon:
(10,19)(10,24)(16,24)(16,19)
In Polygon:
(3,140)(3,146)(0,146)(0,140)
Out Polygon:
(24,20)(24,26)(27,26)(27,20)
In Polygon:
(86,63)(80,63)(80,55)(86,55)
Out Polygon:
(18,21)(18,29)(24,29)(24,21)
In Polygon:
(104,119)(106,119)(106,113)(109,113)(109,106)(100,106)(100,113)(104,113)
Out Polygon:
(35,32)(42,32)(42,28)(48,28)(48,26)(42,26)(42,23)(35,23)
In Polygon:
(12,89)(12,97)(0,97)(0,89)
Out Polygon:
(27,23)(27,35)(35,35)(35,23)
In Polygon:
(0,63)(0,58)(4,58)(4,55)(9,55)(9,71)(6,71)(6,63)
Out Polygon:
(0,24)(0,29)(3,29)(3,33)(8,33)(8,27)(16,27)(16,24)
In Polygon:
(60,58)(65,58)(65,55)(60,55)
Out Polygon:
(24,26)(24,31)(27,31)(27,26)
In Polygon:
(108,129)(108,123)(100,123)(100,129)(102,129)(102,139)(104,139)(104,129)
Out Polygon:
(8,27)(8,33)(10,33)(10,43)(12,43)(12,33)(16,33)(16,27)
In Polygon:
(40,111)(45,111)(45,106)(40,106)
Out Polygon:
(43,28)(43,33)(48,33)(48,28)
In Polygon:
(0,111)(0,106)(3,106)(3,111)
Out Polygon:
(0,29)(0,34)(3,34)(3,29)
In Polygon:
(80,128)(82,128)(82,123)(80,123)
Out Polygon:
(19,29)(19,31)(24,31)(24,29)
In Polygon:
(40,55)(47,55)(47,67)(40,67)
Out Polygon:
(20,31)(20,43)(27,43)(27,31)
In Polygon:
(105,100)(103,100)(103,95)(100,95)(100,89)(109,89)(109,95)(105,95)
Out Polygon:
(41,32)(35,32)(35,35)(30,35)(30,37)(35,37)(35,41)(41,41)
In Polygon:
(30,128)(20,128)(20,123)(30,123)
Out Polygon:
(5,33)(5,43)(10,43)(10,33)
In Polygon:
(48,131)(40,131)(40,123)(48,123)
Out Polygon:
(12,33)(12,41)(20,41)(20,33)
In Polygon:
(40,148)(47,148)(47,140)(40,140)
Out Polygon:
(41,33)(41,41)(48,41)(48,33)
In Polygon:
(5,131)(5,123)(0,123)(0,131)
Out Polygon:
(0,34)(0,42)(5,42)(5,34)
In Polygon:
(65,140)(60,140)(60,148)(65,148)
Out Polygon:
(27,37)(27,42)(35,42)(35,37)
